=== H1: P(b) = P_idle + k_b * b ===
measured idle (model resident): 40.06 W
fitted P_idle = 239.7 W
fitted k_b    = 0.03 W per concurrent request
R^2           = 0.2319
max |residual| = 21.14 W

=== energy per token vs load (the batching effect) ===
 conc  power_W    tok/s    J/tok   p95_s
    1   220.19    229.3   0.9605    0.56
    1    238.9    229.3   1.0416   0.559
    1   233.83    229.2     1.02    0.56
    1   239.68    229.3   1.0454   0.559
    1    239.0    229.3   1.0425    0.56
    1   234.53    229.3   1.0229   0.559
    2   224.12    471.3   0.4756   0.545
    2   224.58    469.7   0.4782   0.545
    2   218.59    469.7   0.4654   0.545
    2   225.14    469.7   0.4794   0.545
    2   224.31    469.6   0.4776   0.545
    2   218.58    469.7   0.4653   0.545
    4   229.26    954.6   0.2402   0.537
    4   227.62    956.3    0.238   0.536
    4   223.87    955.2   0.2344   0.537
    4    228.7    955.2   0.2394   0.537
    4   227.62    955.3   0.2383   0.537
    4    223.7    955.6   0.2341   0.536
    8   242.59   1898.8   0.1278   0.541
    8   239.68   1894.2   0.1265   0.542
    8   237.19   1899.5   0.1249   0.542
    8   239.55   1885.6    0.127   0.545
    8   239.38   1891.8   0.1265   0.544
    8   235.26   1885.8   0.1248   0.545
   16    247.6   3589.2    0.069   0.571
   16   247.65   3597.4   0.0688    0.57
   16   245.16   3594.0   0.0682   0.571
   16    247.9   3607.2   0.0687    0.57
   16   247.13   3610.3   0.0685   0.573
   16   244.99   3594.1   0.0682   0.574
   32   247.95   6697.4    0.037   0.619
   32   247.74   6612.1   0.0375   0.624
   32   247.74   6632.7   0.0374   0.626
   32   248.23   6686.1   0.0371   0.617
   32   247.65   6609.8   0.0375   0.626
   32   247.63   6616.3   0.0374    0.63
   48   247.78   9641.2   0.0257   0.644
   48   247.59   9663.4   0.0256   0.644
   48   247.49   9633.3   0.0257   0.646
   48   246.92   9432.0   0.0262   0.664
   48   247.67   9621.8   0.0257   0.648
   48   247.51   9571.3   0.0259    0.65
   64    246.8  11841.1   0.0208   0.703
   64   246.36  11901.2   0.0207   0.701
   64   246.49  11846.4   0.0208   0.709
   64    246.6  11813.7   0.0209   0.707
   64   247.41  11802.5    0.021   0.709
   64   246.48  11863.9   0.0208   0.706
   96    247.8  15626.6   0.0159    0.81
   96   247.51  15694.6   0.0158   0.804
   96    247.8  15517.9    0.016   0.821
   96   247.74  15648.8   0.0158   0.802
   96   247.56  15571.4   0.0159   0.809
   96   247.64  15752.4   0.0157   0.797
  128   247.67  18857.1   0.0131   0.891
  128    247.3  18963.5    0.013   0.885
  128   247.96  18735.6   0.0132   0.902
  128   247.72  18819.3   0.0132   0.893
  128   248.05  18672.0   0.0133   0.906
  128   247.92  18759.1   0.0132     0.9
  160   247.58  18321.1   0.0135   1.147
  160   247.17  18278.7   0.0135   1.153
  160   247.05  18251.6   0.0135   1.153
  160   247.29  18236.8   0.0136   1.153
  160   247.49  18192.9   0.0136   1.154
  160   247.06  18340.5   0.0135   1.148
  192   247.81  20600.5    0.012    1.23
  192   247.34  20671.5    0.012   1.224
  192   247.78  20514.2   0.0121   1.235
  192   247.64  20536.1   0.0121   1.232
  192    247.8  20587.9    0.012   1.227
  192    247.6  20616.1    0.012   1.227
  256   247.67  23425.6   0.0106   1.451
  256   248.02  23550.2   0.0105   1.445
  256   247.85  23380.1   0.0106   1.454
  256   247.58  23492.5   0.0105   1.448
  256   247.65  23419.2   0.0106   1.457
  256   247.47  23458.6   0.0105   1.455
  320   248.01  24271.8   0.0102   2.406
  320   247.83  24238.2   0.0102   2.389
  320   247.63  23983.7   0.0103   2.379
  320   247.53  24143.3   0.0103   2.416
  320   247.69  23976.3   0.0103   2.422
  320   247.87  24039.6   0.0103   2.409
  384   247.94  24659.9   0.0101   2.532
  384   247.71  24552.1   0.0101   2.523
  384   247.56  24644.3     0.01   2.536
  384   247.69  24513.8   0.0101   2.541
  384   248.12  24579.2   0.0101   2.524
  384   247.97  24266.1   0.0102   2.551
  512   247.67  24277.4   0.0102   2.764
  512   248.06  24962.1   0.0099   2.685
  512   247.95  24683.4     0.01   2.705
  512   247.88  24738.2     0.01   2.696
  512   247.95  24618.5   0.0101   2.722
  512   248.09  24809.6     0.01   2.696

J/token range: 1.0454 at c=1 -> 0.0099 at c=512  (105.60x)

=== marginal energy (what the scorer needs) ===
activation cost (idle -> c=1): +180.1 W
marginal cost per extra concurrent request:  +0.03 W
ratio: waking an idle GPU costs 6860x one extra request on an already-active GPU
routing implication: consolidate onto active endpoints; the per-request increment is small next to the activation step.
idle floor 40.1 W = 16% of power at the highest load measured

=== prefix-cache effect (same concurrency, shared vs unique prompts) ===
c=8: unique J/tok=0.1278 shared J/tok=0.1316  unique tok/s=1898.8 shared tok/s=1841.9
c=8: unique J/tok=0.1278 shared J/tok=0.1298  unique tok/s=1898.8 shared tok/s=1853.3
c=8: unique J/tok=0.1278 shared J/tok=0.1285  unique tok/s=1898.8 shared tok/s=1849.3
c=8: unique J/tok=0.1278 shared J/tok=0.1299  unique tok/s=1898.8 shared tok/s=1856.1
c=8: unique J/tok=0.1278 shared J/tok=0.1296  unique tok/s=1898.8 shared tok/s=1853.9
c=8: unique J/tok=0.1278 shared J/tok=0.1282  unique tok/s=1898.8 shared tok/s=1852.3

=== gate ===
H1 holds if R^2 is high and residuals are small relative to k_b.
verdict: R^2=0.2319 WEAK - revisit model form
